epoch,accuracy,loss,val_accuracy,val_loss
0,0.5454999804496765,0.8334652781486511,0.6499999761581421,0.6439919471740723
1,0.609499990940094,0.679158091545105,0.6570000052452087,0.6119928359985352
2,0.6710000038146973,0.6144769191741943,0.6200000047683716,0.6264330148696899
3,0.675000011920929,0.6083624362945557,0.6970000267028809,0.6002830266952515
4,0.7045000195503235,0.5653060078620911,0.7289999723434448,0.5644537210464478
5,0.7045000195503235,0.5589574575424194,0.746999979019165,0.5409793257713318
6,0.7289999723434448,0.5316277742385864,0.6980000138282776,0.5681120753288269
7,0.7195000052452087,0.5594489574432373,0.7329999804496765,0.5546585321426392
8,0.7415000200271606,0.5223322510719299,0.75,0.5031079649925232
9,0.746999979019165,0.5066941380500793,0.7910000085830688,0.47208940982818604
10,0.7764999866485596,0.47414928674697876,0.7440000176429749,0.5240058302879333
11,0.7645000219345093,0.48512640595436096,0.7129999995231628,0.611393928527832
12,0.7695000171661377,0.49097445607185364,0.7639999985694885,0.515612006187439
13,0.7749999761581421,0.47881919145584106,0.7559999823570251,0.5082735419273376
14,0.7825000286102295,0.45975250005722046,0.7509999871253967,0.5059372186660767
15,0.7829999923706055,0.47349584102630615,0.7770000100135803,0.4703887104988098
16,0.777999997138977,0.4761209785938263,0.7910000085830688,0.44844546914100647
17,0.7720000147819519,0.4559767544269562,0.765999972820282,0.4643995761871338
18,0.781499981880188,0.46756744384765625,0.7730000019073486,0.4554045498371124
19,0.7835000157356262,0.48000943660736084,0.800000011920929,0.4319118559360504
20,0.8190000057220459,0.4049476385116577,0.7879999876022339,0.4712180197238922
21,0.8224999904632568,0.4226810038089752,0.7990000247955322,0.47386038303375244
22,0.815500020980835,0.40702372789382935,0.796999990940094,0.4487103521823883
