epoch,accuracy,loss,val_accuracy,val_loss
0,0.4087499976158142,2.1954152584075928,0.7149999737739563,1.0786281824111938
1,0.6706249713897705,1.130233883857727,0.7443749904632568,0.8391126394271851
2,0.7240625023841858,0.9140557646751404,0.8168749809265137,0.6205143928527832
3,0.7618749737739563,0.7815747261047363,0.831250011920929,0.572226881980896
4,0.7875274419784546,0.6761289834976196,0.8518750071525574,0.5283190011978149
5,0.7850000262260437,0.674589216709137,0.871874988079071,0.4520585536956787
6,0.7984374761581421,0.6426956057548523,0.8787500262260437,0.4163970649242401
7,0.8237500190734863,0.5704238414764404,0.8693749904632568,0.4180157482624054
8,0.8238796591758728,0.5495197176933289,0.887499988079071,0.35476115345954895
9,0.8371875286102295,0.5202580690383911,0.8887500166893005,0.34807735681533813
10,0.839062511920929,0.4970700442790985,0.8824999928474426,0.35698333382606506
11,0.8318750262260437,0.5127995014190674,0.8924999833106995,0.32974594831466675
12,0.8356249928474426,0.5214998126029968,0.8856250047683716,0.3589426279067993
13,0.8509374856948853,0.4672040045261383,0.8856250047683716,0.3453291654586792
14,0.8465625047683716,0.47212767601013184,0.8881250023841858,0.31373950839042664
15,0.8578125238418579,0.44167953729629517,0.9068750143051147,0.2983206510543823
16,0.8415625095367432,0.4743027091026306,0.8818749785423279,0.34940505027770996
17,0.86054527759552,0.43221551179885864,0.9118750095367432,0.2722153663635254
18,0.8476966619491577,0.44943588972091675,0.887499988079071,0.34073466062545776
19,0.8531249761581421,0.4438461363315582,0.9175000190734863,0.2600057125091553
20,0.856249988079071,0.4404713809490204,0.9118750095367432,0.2563226819038391
21,0.8503124713897705,0.4268902838230133,0.8981249928474426,0.29597586393356323
22,0.8650000095367432,0.4137342870235443,0.9131249785423279,0.28051382303237915
