epoch,accuracy,loss,val_accuracy,val_loss
0,0.4229687452316284,2.209423303604126,0.25859373807907104,7.176199913024902
1,0.6986215114593506,0.9670038223266602,0.6524999737739563,1.664353609085083
2,0.7909412980079651,0.6703349351882935,0.668749988079071,1.486416220664978
3,0.8066167831420898,0.6576761603355408,0.7665625214576721,0.9724897146224976
4,0.8357031345367432,0.558575451374054,0.8892187476158142,0.39688795804977417
5,0.8589843511581421,0.47756344079971313,0.903124988079071,0.5321118235588074
6,0.8685937523841858,0.44697093963623047,0.895312488079071,0.3906044363975525
7,0.8798437714576721,0.4108787178993225,0.9115625023841858,0.32478511333465576
8,0.8837500214576721,0.4107210636138916,0.9225000143051147,0.27170875668525696
9,0.8920047283172607,0.37265920639038086,0.9253125190734863,0.26556622982025146
10,0.8939062356948853,0.36854979395866394,0.8999999761581421,0.395267516374588
11,0.897656261920929,0.3536677658557892,0.9121875166893005,0.3481602966785431
12,0.9095312356948853,0.3221527338027954,0.9368749856948853,0.21840694546699524
13,0.9088281393051147,0.3200051784515381,0.9470312595367432,0.1876320093870163
14,0.9134374856948853,0.3053238093852997,0.8935937285423279,0.4805261194705963
15,0.9202343821525574,0.29296496510505676,0.9360937476158142,0.23214076459407806
16,0.9185506105422974,0.2884705066680908,0.9254687428474426,0.27221670746803284
17,0.9180780053138733,0.30964604020118713,0.9350000023841858,0.23135268688201904
18,0.9315624833106995,0.24229268729686737,0.9549999833106995,0.16309890151023865
19,0.9265852570533752,0.267866313457489,0.9193750023841858,0.3168606162071228
