epoch,accuracy,loss,val_accuracy,val_loss
0,0.49562498927116394,1.9105932712554932,0.8237500190734863,0.7415926456451416
1,0.7740625143051147,0.7614462971687317,0.8531249761581421,0.48410922288894653
2,0.8424999713897705,0.5340021252632141,0.8899999856948853,0.3785668909549713
3,0.8568750023841858,0.4594608247280121,0.9006249904632568,0.3283669352531433
4,0.8790624737739563,0.3817853629589081,0.9337499737739563,0.2550143897533417
5,0.8931249976158142,0.34255972504615784,0.9350000023841858,0.22140806913375854
6,0.9028124809265137,0.3128281831741333,0.9131249785423279,0.2645875811576843
7,0.9018750190734863,0.30838093161582947,0.9231250286102295,0.23018263280391693
8,0.901562511920929,0.3098464608192444,0.9356250166893005,0.2050154060125351
9,0.9043750166893005,0.2904227375984192,0.9456250071525574,0.17879953980445862
10,0.9131249785423279,0.26947298645973206,0.9449999928474426,0.16850408911705017
11,0.9159374833106995,0.2649327516555786,0.9387500286102295,0.18162336945533752
12,0.9121875166893005,0.2636372447013855,0.9518749713897705,0.15621957182884216
13,0.9137499928474426,0.2541119158267975,0.9462500214576721,0.1511998474597931
14,0.9200000166893005,0.2526777982711792,0.9393749833106995,0.16795730590820312
15,0.9225000143051147,0.23580199480056763,0.9443749785423279,0.15067581832408905
16,0.9253125190734863,0.22470544278621674,0.9506250023841858,0.16542673110961914
17,0.9197743535041809,0.2235339879989624,0.9556249976158142,0.1346779465675354
18,0.9318749904632568,0.19683699309825897,0.9443749785423279,0.16615156829357147
