epoch,accuracy,loss,val_accuracy,val_loss
0,0.4918749928474426,1.8490580320358276,0.7906249761581421,0.7558655142784119
1,0.78125,0.7404192090034485,0.8572916388511658,0.4855347275733948
2,0.8162500262260437,0.5882538557052612,0.8828125,0.4060710668563843
3,0.8259375095367432,0.5285309553146362,0.8885416388511658,0.3685840964317322
4,0.8668749928474426,0.410838782787323,0.8921874761581421,0.3485654592514038
5,0.8665624856948853,0.41150256991386414,0.9145833253860474,0.27342358231544495
6,0.8828125,0.3722042739391327,0.9234374761581421,0.24638596177101135
7,0.8837500214576721,0.3805301785469055,0.9203125238418579,0.2519581615924835
8,0.8943750262260437,0.33722972869873047,0.932812511920929,0.22267498075962067
9,0.9031339287757874,0.3080952763557434,0.926562488079071,0.21847562491893768
