epoch,accuracy,loss,val_accuracy,val_loss
0,0.08843749761581421,3.413722038269043,0.22148437798023224,2.8563578128814697
1,0.27000001072883606,2.5680272579193115,0.4273437559604645,2.0315279960632324
2,0.4337500035762787,1.919219970703125,0.5386718511581421,1.5464497804641724
3,0.5537499785423279,1.4893194437026978,0.604687511920929,1.3069007396697998
4,0.604687511920929,1.3006069660186768,0.6878906488418579,1.032526969909668
5,0.6431249976158142,1.1560498476028442,0.705859363079071,0.9522936940193176
6,0.6556249856948853,1.1076464653015137,0.7464843988418579,0.8214679956436157
7,0.6862499713897705,0.9748597145080566,0.7300781011581421,0.8485296368598938
8,0.731249988079071,0.8811590671539307,0.7542968988418579,0.7810755968093872
9,0.7359374761581421,0.8274267315864563,0.7640625238418579,0.7588585615158081
10,0.7681249976158142,0.7187421321868896,0.765625,0.7059587240219116
11,0.7612500190734863,0.7816110253334045,0.8125,0.5854663252830505
12,0.7950000166893005,0.649421215057373,0.819140613079071,0.5666149258613586
13,0.7831249833106995,0.6992132663726807,0.8050781488418579,0.6037529110908508
14,0.8012499809265137,0.6378322839736938,0.844531238079071,0.4817894995212555
15,0.8053125143051147,0.6271654963493347,0.787109375,0.6829566359519958
16,0.8240625262260437,0.5833339095115662,0.839062511920929,0.5031172037124634
17,0.8087499737739563,0.6105196475982666,0.844921886920929,0.49863719940185547
18,0.8387500047683716,0.5019514560699463,0.8570312261581421,0.43732088804244995
19,0.8446875214576721,0.5002841353416443,0.868359386920929,0.4088207185268402
20,0.8318750262260437,0.5125921368598938,0.846484363079071,0.47228798270225525
21,0.8343750238418579,0.5069098472595215,0.8687499761581421,0.40963464975357056
22,0.8587499856948853,0.45174163579940796,0.8832031488418579,0.36031976342201233
23,0.8646875023841858,0.4084167778491974,0.8539062738418579,0.44309720396995544
24,0.8790624737739563,0.4073196351528168,0.8871093988418579,0.37935948371887207
25,0.8550000190734863,0.46251288056373596,0.880078136920929,0.3578011095523834
26,0.8684375286102295,0.40619972348213196,0.8910156488418579,0.3229902386665344
27,0.859375,0.4525473117828369,0.858203113079071,0.43412724137306213
28,0.8815624713897705,0.36805224418640137,0.8671875,0.3956339657306671
29,0.8746874928474426,0.3990873694419861,0.8828125,0.35501930117607117
30,0.8843749761581421,0.36009681224823,0.9085937738418579,0.2859978675842285
31,0.8909375071525574,0.3474213480949402,0.913281261920929,0.27588343620300293
32,0.8843749761581421,0.35333457589149475,0.91015625,0.2931641638278961
33,0.8978124856948853,0.3404772877693176,0.883984386920929,0.33846479654312134
34,0.9012500047683716,0.29230374097824097,0.893750011920929,0.31011515855789185
35,0.8928124904632568,0.3122088313102722,0.8707031011581421,0.39126741886138916
36,0.8765624761581421,0.3766333758831024,0.9144531488418579,0.27319180965423584
37,0.9049999713897705,0.2860519289970398,0.8929687738418579,0.33021336793899536
38,0.8984375,0.3285173177719116,0.91015625,0.2836382985115051
39,0.8909375071525574,0.3343835473060608,0.928515613079071,0.20816199481487274
40,0.9103124737739563,0.2768118381500244,0.91796875,0.24445955455303192
41,0.9009374976158142,0.3035348653793335,0.9085937738418579,0.27692216634750366
42,0.8993750214576721,0.3041090667247772,0.9085937738418579,0.288809597492218
43,0.903124988079071,0.2809995710849762,0.901171863079071,0.30381420254707336
44,0.8981249928474426,0.3243508040904999,0.9214843511581421,0.23730139434337616
45,0.9071875214576721,0.2859961986541748,0.93359375,0.2215811312198639
46,0.9157004356384277,0.25996845960617065,0.9312499761581421,0.21962924301624298
47,0.9115625023841858,0.2788718342781067,0.9203125238418579,0.2412545382976532
48,0.9128124713897705,0.2736164927482605,0.9144531488418579,0.2585478723049164
49,0.9190624952316284,0.250905305147171,0.923828125,0.21425020694732666
